10


0 0 423 869
50
31 0 423 869
281 0 423 869
386 0 423 869
341 0 423 869
116 0 423 869
238 0 423 869
211 0 423 869
263 0 423 869
241 0 423 869
348 0 423 869
391 0 423 869
101 0 423 869
255 0 423 869
384 0 423 869
158 0 423 869
374 0 423 869
239 0 423 869
25 0 423 869
2 0 423 869
122 0 423 869
143 0 423 869
118 0 423 869
242 0 423 869
50 0 423 869
321 0 423 869
266 0 423 869
366 0 423 869
209 0 423 869
99 0 423 869
402 0 423 869
363 0 423 869
245 0 423 869
22 0 423 869
51 0 423 869
196 0 423 869
260 0 423 869
311 0 423 869
299 0 423 869
323 0 423 869
123 0 423 869
207 0 423 869
204 0 423 869
323 0 423 869
192 0 423 869
27 0 423 869
136 0 423 869
383 0 423 869
363 0 423 869
179 0 423 869
256 0 423 869

0 0 439 310
40
333 0 439 310
403 0 439 310
110 0 439 310
63 0 439 310
118 0 439 310
158 0 439 310
373 0 439 310
279 0 439 310
37 0 439 310
112 0 439 310
277 0 439 310
145 0 439 310
27 0 439 310
358 0 439 310
80 0 439 310
98 0 439 310
155 0 439 310
237 0 439 310
412 0 439 310
210 0 439 310
5 0 439 310
0 0 439 310
342 0 439 310
108 0 439 310
351 0 439 310
84 0 439 310
104 0 439 310
339 0 439 310
287 0 439 310
168 0 439 310
437 0 439 310
409 0 439 310
292 0 439 310
305 0 439 310
306 0 439 310
172 0 439 310
9 0 439 310
199 0 439 310
137 0 439 310
339 0 439 310

0 0 481 662
71
183 0 481 662
1 0 481 662
368 0 481 662
51 0 481 662
166 0 481 662
290 0 481 662
103 0 481 662
345 0 481 662
31 0 481 662
118 0 481 662
73 0 481 662
7 0 481 662
177 0 481 662
214 0 481 662
374 0 481 662
26 0 481 662
35 0 481 662
381 0 481 662
160 0 481 662
468 0 481 662
83 0 481 662
192 0 481 662
390 0 481 662
438 0 481 662
3 0 481 662
408 0 481 662
326 0 481 662
123 0 481 662
41 0 481 662
450 0 481 662
77 0 481 662
457 0 481 662
70 0 481 662
143 0 481 662
102 0 481 662
202 0 481 662
15 0 481 662
37 0 481 662
131 0 481 662
129 0 481 662
391 0 481 662
272 0 481 662
139 0 481 662
20 0 481 662
313 0 481 662
160 0 481 662
235 0 481 662
67 0 481 662
385 0 481 662
366 0 481 662
80 0 481 662
89 0 481 662
431 0 481 662
248 0 481 662
279 0 481 662
56 0 481 662
254 0 481 662
23 0 481 662
355 0 481 662
260 0 481 662
228 0 481 662
412 0 481 662
347 0 481 662
240 0 481 662
207 0 481 662
329 0 481 662
376 0 481 662
354 0 481 662
176 0 481 662
22 0 481 662
458 0 481 662

0 0 223 543
69
9 0 223 543
187 0 223 543
56 0 223 543
45 0 223 543
166 0 223 543
14 0 223 543
7 0 223 543
189 0 223 543
73 0 223 543
4 0 223 543
79 0 223 543
85 0 223 543
219 0 223 543
58 0 223 543
26 0 223 543
92 0 223 543
167 0 223 543
183 0 223 543
214 0 223 543
48 0 223 543
179 0 223 543
210 0 223 543
102 0 223 543
6 0 223 543
177 0 223 543
0 0 223 543
14 0 223 543
27 0 223 543
191 0 223 543
102 0 223 543
65 0 223 543
217 0 223 543
142 0 223 543
119 0 223 543
66 0 223 543
106 0 223 543
165 0 223 543
205 0 223 543
203 0 223 543
81 0 223 543
175 0 223 543
38 0 223 543
121 0 223 543
122 0 223 543
181 0 223 543
166 0 223 543
175 0 223 543
85 0 223 543
1 0 223 543
54 0 223 543
140 0 223 543
41 0 223 543
47 0 223 543
188 0 223 543
183 0 223 543
8 0 223 543
74 0 223 543
221 0 223 543
151 0 223 543
164 0 223 543
6 0 223 543
22 0 223 543
161 0 223 543
162 0 223 543
9 0 223 543
215 0 223 543
94 0 223 543
204 0 223 543
116 0 223 543

0 0 808 285
62
102 0 808 285
406 0 808 285
512 0 808 285
711 0 808 285
568 0 808 285
788 0 808 285
544 0 808 285
357 0 808 285
199 0 808 285
613 0 808 285
163 0 808 285
82 0 808 285
738 0 808 285
589 0 808 285
290 0 808 285
605 0 808 285
20 0 808 285
45 0 808 285
769 0 808 285
18 0 808 285
779 0 808 285
303 0 808 285
672 0 808 285
666 0 808 285
507 0 808 285
84 0 808 285
524 0 808 285
750 0 808 285
59 0 808 285
33 0 808 285
116 0 808 285
568 0 808 285
727 0 808 285
155 0 808 285
357 0 808 285
733 0 808 285
621 0 808 285
82 0 808 285
461 0 808 285
231 0 808 285
547 0 808 285
269 0 808 285
103 0 808 285
518 0 808 285
487 0 808 285
388 0 808 285
100 0 808 285
574 0 808 285
754 0 808 285
534 0 808 285
92 0 808 285
407 0 808 285
458 0 808 285
563 0 808 285
291 0 808 285
665 0 808 285
272 0 808 285
173 0 808 285
235 0 808 285
68 0 808 285
786 0 808 285
184 0 808 285

0 0 292 651
67
180 0 292 651
250 0 292 651
176 0 292 651
168 0 292 651
55 0 292 651
50 0 292 651
163 0 292 651
192 0 292 651
181 0 292 651
232 0 292 651
10 0 292 651
67 0 292 651
264 0 292 651
112 0 292 651
80 0 292 651
47 0 292 651
68 0 292 651
207 0 292 651
85 0 292 651
48 0 292 651
80 0 292 651
84 0 292 651
138 0 292 651
186 0 292 651
108 0 292 651
48 0 292 651
50 0 292 651
9 0 292 651
212 0 292 651
198 0 292 651
68 0 292 651
184 0 292 651
67 0 292 651
161 0 292 651
195 0 292 651
145 0 292 651
186 0 292 651
148 0 292 651
77 0 292 651
15 0 292 651
187 0 292 651
290 0 292 651
208 0 292 651
110 0 292 651
58 0 292 651
100 0 292 651
1 0 292 651
265 0 292 651
115 0 292 651
285 0 292 651
68 0 292 651
200 0 292 651
128 0 292 651
200 0 292 651
66 0 292 651
290 0 292 651
197 0 292 651
209 0 292 651
226 0 292 651
5 0 292 651
159 0 292 651
187 0 292 651
107 0 292 651
222 0 292 651
129 0 292 651
200 0 292 651
4 0 292 651

0 0 411 574
74
123 0 411 574
51 0 411 574
138 0 411 574
331 0 411 574
36 0 411 574
160 0 411 574
23 0 411 574
315 0 411 574
91 0 411 574
358 0 411 574
243 0 411 574
407 0 411 574
97 0 411 574
324 0 411 574
204 0 411 574
176 0 411 574
395 0 411 574
121 0 411 574
340 0 411 574
348 0 411 574
193 0 411 574
282 0 411 574
340 0 411 574
48 0 411 574
233 0 411 574
18 0 411 574
366 0 411 574
153 0 411 574
331 0 411 574
330 0 411 574
267 0 411 574
27 0 411 574
100 0 411 574
193 0 411 574
42 0 411 574
112 0 411 574
405 0 411 574
107 0 411 574
361 0 411 574
379 0 411 574
171 0 411 574
302 0 411 574
239 0 411 574
360 0 411 574
213 0 411 574
330 0 411 574
25 0 411 574
157 0 411 574
355 0 411 574
96 0 411 574
130 0 411 574
169 0 411 574
231 0 411 574
138 0 411 574
59 0 411 574
286 0 411 574
134 0 411 574
333 0 411 574
75 0 411 574
160 0 411 574
218 0 411 574
92 0 411 574
47 0 411 574
160 0 411 574
257 0 411 574
379 0 411 574
226 0 411 574
214 0 411 574
36 0 411 574
232 0 411 574
8 0 411 574
319 0 411 574
81 0 411 574
94 0 411 574

0 0 863 750
44
413 0 863 750
157 0 863 750
854 0 863 750
843 0 863 750
654 0 863 750
828 0 863 750
283 0 863 750
697 0 863 750
143 0 863 750
620 0 863 750
445 0 863 750
535 0 863 750
403 0 863 750
216 0 863 750
670 0 863 750
32 0 863 750
255 0 863 750
199 0 863 750
2 0 863 750
652 0 863 750
759 0 863 750
56 0 863 750
394 0 863 750
24 0 863 750
393 0 863 750
178 0 863 750
306 0 863 750
841 0 863 750
323 0 863 750
482 0 863 750
685 0 863 750
135 0 863 750
44 0 863 750
621 0 863 750
498 0 863 750
736 0 863 750
761 0 863 750
19 0 863 750
203 0 863 750
395 0 863 750
817 0 863 750
692 0 863 750
429 0 863 750
512 0 863 750

0 0 966 650
73
853 0 966 650
141 0 966 650
858 0 966 650
231 0 966 650
541 0 966 650
660 0 966 650
448 0 966 650
665 0 966 650
836 0 966 650
43 0 966 650
188 0 966 650
382 0 966 650
132 0 966 650
859 0 966 650
359 0 966 650
401 0 966 650
610 0 966 650
446 0 966 650
730 0 966 650
323 0 966 650
278 0 966 650
372 0 966 650
825 0 966 650
963 0 966 650
758 0 966 650
778 0 966 650
546 0 966 650
8 0 966 650
676 0 966 650
880 0 966 650
217 0 966 650
532 0 966 650
890 0 966 650
363 0 966 650
767 0 966 650
377 0 966 650
185 0 966 650
82 0 966 650
116 0 966 650
534 0 966 650
841 0 966 650
457 0 966 650
494 0 966 650
185 0 966 650
118 0 966 650
735 0 966 650
205 0 966 650
397 0 966 650
700 0 966 650
41 0 966 650
890 0 966 650
24 0 966 650
626 0 966 650
313 0 966 650
529 0 966 650
291 0 966 650
94 0 966 650
208 0 966 650
205 0 966 650
920 0 966 650
438 0 966 650
137 0 966 650
702 0 966 650
125 0 966 650
267 0 966 650
159 0 966 650
131 0 966 650
289 0 966 650
141 0 966 650
242 0 966 650
768 0 966 650
794 0 966 650
406 0 966 650

0 0 916 62
54
123 0 916 62
406 0 916 62
128 0 916 62
141 0 916 62
421 0 916 62
200 0 916 62
838 0 916 62
465 0 916 62
211 0 916 62
808 0 916 62
13 0 916 62
337 0 916 62
267 0 916 62
439 0 916 62
764 0 916 62
791 0 916 62
470 0 916 62
381 0 916 62
625 0 916 62
3 0 916 62
488 0 916 62
552 0 916 62
795 0 916 62
663 0 916 62
828 0 916 62
678 0 916 62
371 0 916 62
348 0 916 62
146 0 916 62
690 0 916 62
902 0 916 62
82 0 916 62
445 0 916 62
68 0 916 62
162 0 916 62
337 0 916 62
30 0 916 62
307 0 916 62
776 0 916 62
759 0 916 62
571 0 916 62
17 0 916 62
604 0 916 62
395 0 916 62
763 0 916 62
715 0 916 62
400 0 916 62
202 0 916 62
550 0 916 62
456 0 916 62
620 0 916 62
29 0 916 62
446 0 916 62
908 0 916 62

