10


0 0 970 38
54
291 0 970 38
562 0 970 38
789 0 970 38
96 0 970 38
331 0 970 38
333 0 970 38
693 0 970 38
352 0 970 38
396 0 970 38
196 0 970 38
825 0 970 38
297 0 970 38
587 0 970 38
82 0 970 38
929 0 970 38
442 0 970 38
530 0 970 38
394 0 970 38
508 0 970 38
570 0 970 38
73 0 970 38
247 0 970 38
541 0 970 38
224 0 970 38
732 0 970 38
178 0 970 38
116 0 970 38
233 0 970 38
845 0 970 38
685 0 970 38
421 0 970 38
646 0 970 38
5 0 970 38
197 0 970 38
886 0 970 38
351 0 970 38
23 0 970 38
786 0 970 38
779 0 970 38
345 0 970 38
620 0 970 38
247 0 970 38
263 0 970 38
375 0 970 38
529 0 970 38
694 0 970 38
506 0 970 38
238 0 970 38
290 0 970 38
485 0 970 38
725 0 970 38
387 0 970 38
459 0 970 38
948 0 970 38

0 0 155 291
73
152 0 155 291
119 0 155 291
79 0 155 291
122 0 155 291
41 0 155 291
122 0 155 291
147 0 155 291
107 0 155 291
40 0 155 291
148 0 155 291
94 0 155 291
99 0 155 291
133 0 155 291
90 0 155 291
7 0 155 291
133 0 155 291
52 0 155 291
129 0 155 291
147 0 155 291
53 0 155 291
47 0 155 291
138 0 155 291
133 0 155 291
20 0 155 291
8 0 155 291
101 0 155 291
111 0 155 291
23 0 155 291
103 0 155 291
18 0 155 291
24 0 155 291
78 0 155 291
131 0 155 291
36 0 155 291
17 0 155 291
16 0 155 291
51 0 155 291
45 0 155 291
45 0 155 291
37 0 155 291
36 0 155 291
30 0 155 291
104 0 155 291
142 0 155 291
62 0 155 291
114 0 155 291
3 0 155 291
19 0 155 291
122 0 155 291
43 0 155 291
65 0 155 291
99 0 155 291
58 0 155 291
60 0 155 291
29 0 155 291
58 0 155 291
103 0 155 291
60 0 155 291
72 0 155 291
28 0 155 291
91 0 155 291
20 0 155 291
132 0 155 291
22 0 155 291
149 0 155 291
95 0 155 291
28 0 155 291
140 0 155 291
51 0 155 291
35 0 155 291
126 0 155 291
93 0 155 291
109 0 155 291

0 0 867 246
60
670 0 867 246
329 0 867 246
777 0 867 246
140 0 867 246
537 0 867 246
728 0 867 246
685 0 867 246
443 0 867 246
852 0 867 246
628 0 867 246
440 0 867 246
705 0 867 246
617 0 867 246
206 0 867 246
481 0 867 246
7 0 867 246
378 0 867 246
195 0 867 246
35 0 867 246
413 0 867 246
355 0 867 246
782 0 867 246
223 0 867 246
360 0 867 246
772 0 867 246
441 0 867 246
159 0 867 246
559 0 867 246
779 0 867 246
22 0 867 246
616 0 867 246
350 0 867 246
235 0 867 246
444 0 867 246
607 0 867 246
4 0 867 246
435 0 867 246
375 0 867 246
229 0 867 246
821 0 867 246
62 0 867 246
512 0 867 246
500 0 867 246
704 0 867 246
502 0 867 246
824 0 867 246
23 0 867 246
757 0 867 246
664 0 867 246
31 0 867 246
111 0 867 246
211 0 867 246
564 0 867 246
680 0 867 246
673 0 867 246
206 0 867 246
427 0 867 246
476 0 867 246
152 0 867 246
126 0 867 246

0 0 61 948
43
30 0 61 948
7 0 61 948
33 0 61 948
18 0 61 948
43 0 61 948
54 0 61 948
15 0 61 948
19 0 61 948
30 0 61 948
34 0 61 948
6 0 61 948
3 0 61 948
59 0 61 948
22 0 61 948
11 0 61 948
1 0 61 948
44 0 61 948
55 0 61 948
19 0 61 948
9 0 61 948
43 0 61 948
58 0 61 948
7 0 61 948
2 0 61 948
36 0 61 948
19 0 61 948
59 0 61 948
47 0 61 948
29 0 61 948
4 0 61 948
34 0 61 948
40 0 61 948
23 0 61 948
20 0 61 948
43 0 61 948
36 0 61 948
11 0 61 948
39 0 61 948
23 0 61 948
27 0 61 948
44 0 61 948
34 0 61 948
14 0 61 948

0 0 453 465
60
354 0 453 465
55 0 453 465
325 0 453 465
122 0 453 465
323 0 453 465
210 0 453 465
399 0 453 465
47 0 453 465
370 0 453 465
162 0 453 465
394 0 453 465
59 0 453 465
55 0 453 465
286 0 453 465
47 0 453 465
317 0 453 465
260 0 453 465
327 0 453 465
431 0 453 465
377 0 453 465
303 0 453 465
142 0 453 465
23 0 453 465
186 0 453 465
44 0 453 465
103 0 453 465
423 0 453 465
371 0 453 465
121 0 453 465
92 0 453 465
394 0 453 465
308 0 453 465
179 0 453 465
372 0 453 465
395 0 453 465
420 0 453 465
307 0 453 465
123 0 453 465
143 0 453 465
415 0 453 465
172 0 453 465
270 0 453 465
54 0 453 465
284 0 453 465
34 0 453 465
4 0 453 465
49 0 453 465
375 0 453 465
230 0 453 465
423 0 453 465
155 0 453 465
223 0 453 465
310 0 453 465
244 0 453 465
181 0 453 465
272 0 453 465
307 0 453 465
384 0 453 465
106 0 453 465
320 0 453 465

0 0 494 474
43
257 0 494 474
443 0 494 474
211 0 494 474
45 0 494 474
382 0 494 474
95 0 494 474
13 0 494 474
318 0 494 474
107 0 494 474
162 0 494 474
162 0 494 474
399 0 494 474
145 0 494 474
371 0 494 474
266 0 494 474
476 0 494 474
122 0 494 474
71 0 494 474
389 0 494 474
264 0 494 474
107 0 494 474
400 0 494 474
286 0 494 474
258 0 494 474
290 0 494 474
110 0 494 474
116 0 494 474
29 0 494 474
216 0 494 474
175 0 494 474
30 0 494 474
255 0 494 474
379 0 494 474
350 0 494 474
70 0 494 474
436 0 494 474
448 0 494 474
191 0 494 474
252 0 494 474
192 0 494 474
195 0 494 474
213 0 494 474
314 0 494 474

0 0 398 68
60
309 0 398 68
51 0 398 68
349 0 398 68
277 0 398 68
257 0 398 68
79 0 398 68
337 0 398 68
320 0 398 68
58 0 398 68
231 0 398 68
27 0 398 68
264 0 398 68
335 0 398 68
112 0 398 68
157 0 398 68
99 0 398 68
65 0 398 68
107 0 398 68
63 0 398 68
9 0 398 68
290 0 398 68
2 0 398 68
15 0 398 68
391 0 398 68
71 0 398 68
87 0 398 68
22 0 398 68
337 0 398 68
94 0 398 68
49 0 398 68
356 0 398 68
351 0 398 68
118 0 398 68
205 0 398 68
16 0 398 68
368 0 398 68
249 0 398 68
380 0 398 68
152 0 398 68
278 0 398 68
286 0 398 68
209 0 398 68
217 0 398 68
104 0 398 68
212 0 398 68
117 0 398 68
302 0 398 68
369 0 398 68
246 0 398 68
363 0 398 68
72 0 398 68
245 0 398 68
327 0 398 68
68 0 398 68
325 0 398 68
328 0 398 68
332 0 398 68
373 0 398 68
212 0 398 68
178 0 398 68

0 0 123 445
43
108 0 123 445
65 0 123 445
37 0 123 445
2 0 123 445
57 0 123 445
80 0 123 445
121 0 123 445
41 0 123 445
74 0 123 445
22 0 123 445
82 0 123 445
41 0 123 445
13 0 123 445
22 0 123 445
3 0 123 445
47 0 123 445
94 0 123 445
45 0 123 445
53 0 123 445
39 0 123 445
51 0 123 445
90 0 123 445
55 0 123 445
40 0 123 445
90 0 123 445
31 0 123 445
89 0 123 445
13 0 123 445
101 0 123 445
116 0 123 445
8 0 123 445
78 0 123 445
37 0 123 445
6 0 123 445
21 0 123 445
36 0 123 445
3 0 123 445
57 0 123 445
29 0 123 445
31 0 123 445
82 0 123 445
36 0 123 445
76 0 123 445

0 0 43 763
60
12 0 43 763
7 0 43 763
9 0 43 763
24 0 43 763
13 0 43 763
24 0 43 763
21 0 43 763
37 0 43 763
12 0 43 763
22 0 43 763
24 0 43 763
15 0 43 763
35 0 43 763
34 0 43 763
35 0 43 763
7 0 43 763
38 0 43 763
31 0 43 763
7 0 43 763
39 0 43 763
19 0 43 763
40 0 43 763
7 0 43 763
20 0 43 763
36 0 43 763
31 0 43 763
41 0 43 763
23 0 43 763
5 0 43 763
4 0 43 763
10 0 43 763
22 0 43 763
5 0 43 763
8 0 43 763
31 0 43 763
30 0 43 763
23 0 43 763
3 0 43 763
17 0 43 763
9 0 43 763
8 0 43 763
16 0 43 763
20 0 43 763
30 0 43 763
34 0 43 763
16 0 43 763
17 0 43 763
19 0 43 763
38 0 43 763
29 0 43 763
23 0 43 763
15 0 43 763
30 0 43 763
18 0 43 763
15 0 43 763
16 0 43 763
33 0 43 763
4 0 43 763
2 0 43 763
0 0 43 763

0 0 459 298
43
132 0 459 298
391 0 459 298
59 0 459 298
408 0 459 298
251 0 459 298
36 0 459 298
119 0 459 298
111 0 459 298
438 0 459 298
428 0 459 298
158 0 459 298
381 0 459 298
349 0 459 298
174 0 459 298
267 0 459 298
423 0 459 298
290 0 459 298
183 0 459 298
141 0 459 298
123 0 459 298
31 0 459 298
424 0 459 298
131 0 459 298
382 0 459 298
44 0 459 298
273 0 459 298
363 0 459 298
37 0 459 298
75 0 459 298
230 0 459 298
360 0 459 298
320 0 459 298
161 0 459 298
330 0 459 298
267 0 459 298
100 0 459 298
423 0 459 298
79 0 459 298
303 0 459 298
127 0 459 298
72 0 459 298
426 0 459 298
136 0 459 298

